82
306
576
584
982
1556
3684
3738
4164
4612
5990
6070
7096
7804
9278
9328
9654
9666
9932
10042
10194
10872
10894
11074
11410
11658
12540
12668
13458
13736
14752
15422
17446
17884
18080
18322
19482
19788
19860
19922
22646
22956
23076
23680
23884
24632
24764
25246
25718
26580
27862
27954
29208
29542
30012
30282
30700
31146
31148
31448
31780
32236
33025
33083
33655
33889
34071
34843
35347
36935
37273
37433
37513
38145
38339
38529
39259
39437
39791
39825
39909
40075
43077
43453
44381
44711
44773
45297
45409
45859
46563
47311
47611
47623
47973
48169
48741
48787
48929
49253
49535
51095
51335
52599
52617
53001
53555
53849
53925
54893
55059
55289
56291
56507
57407
57491
58717
59317
60213
60667
62203
62231
62645
63347
64783
64879
65325
65515
