(16,10) 0.000002
(16,20) 0.000003
(16,30) 0.000004
(16,40) 0.000005
(16,50) 0.000006
(16,60) 0.000007
(15,26) 0.000003
(30,26) 0.000009
(45,26) 0.000012
(60,26) 0.000015
(75,26) 0.000017
(90,26) 0.000018
(16,10) 0.000002
(16,20) 0.000003
(16,30) 0.000004
(16,40) 0.000005
(16,50) 0.000006
(16,60) 0.000007
(15,26) 0.000003
(30,26) 0.000006
(45,26) 0.000010
(60,26) 0.000012
(75,26) 0.000015
(90,26) 0.000019
(16,10) 0.000002
(16,20) 0.000003
(16,30) 0.000004
(16,40) 0.000005
(16,50) 0.000006
(16,60) 0.000007
(15,26) 0.000003
(30,26) 0.000006
(45,26) 0.000009
(60,26) 0.000012
(75,26) 0.000015
(90,26) 0.000019
(16,10) 0.000001
(16,20) 0.000003
(16,30) 0.000004
(16,40) 0.000005
(16,50) 0.000006
(16,60) 0.000007
(15,26) 0.000003
(30,26) 0.000006
(45,26) 0.000009
(60,26) 0.000012
(75,26) 0.000034
(90,26) 0.000019
(16,10) 0.000002
(16,20) 0.000003
(16,30) 0.000004
(16,40) 0.000005
(16,50) 0.000006
(16,60) 0.000007
(15,26) 0.000003
(30,26) 0.000006
(45,26) 0.000009
(60,26) 0.000012
(75,26) 0.000014
(90,26) 0.000018
(16,10) 0.000002
(16,20) 0.000003
(16,30) 0.000004
(16,40) 0.000005
(16,50) 0.000005
(16,60) 0.000007
(15,26) 0.000003
(30,26) 0.000006
(45,26) 0.000009
(60,26) 0.000012
(75,26) 0.000015
(90,26) 0.000017
(16,10) 0.000002
(16,20) 0.000003
(16,30) 0.000004
(16,40) 0.000005
(16,50) 0.000006
(16,60) 0.000007
(15,26) 0.000003
(30,26) 0.000006
(45,26) 0.000009
(60,26) 0.000012
(75,26) 0.000027
(90,26) 0.000017
(16,10) 0.000002
(16,20) 0.000003
(16,30) 0.000004
(16,40) 0.000005
(16,50) 0.000006
(16,60) 0.000007
(15,26) 0.000003
(30,26) 0.000006
(45,26) 0.000009
(60,26) 0.000012
(75,26) 0.000015
(90,26) 0.000017
(16,10) 0.000001
(16,20) 0.000003
(16,30) 0.000004
(16,40) 0.000005
(16,50) 0.000006
(16,60) 0.000007
(15,26) 0.000003
(30,26) 0.000006
(45,26) 0.000009
(60,26) 0.000012
(75,26) 0.000015
(90,26) 0.000017
(16,10) 0.000001
(16,20) 0.000003
(16,30) 0.000004
(16,40) 0.000005
(16,50) 0.000006
(16,60) 0.000007
(15,26) 0.000003
(30,26) 0.000006
(45,26) 0.000009
(60,26) 0.000012
(75,26) 0.000015
(90,26) 0.000017
(16,10) 0.000001
(16,20) 0.000003
(16,30) 0.000004
(16,40) 0.000005
(16,50) 0.000006
(16,60) 0.000007
(15,26) 0.000003
(30,26) 0.000006
(45,26) 0.000009
(60,26) 0.000012
(75,26) 0.000014
(90,26) 0.000018
(16,10) 0.000001
(16,20) 0.000003
(16,30) 0.000004
(16,40) 0.000005
(16,50) 0.000006
(16,60) 0.000007
(15,26) 0.000003
(30,26) 0.000006
(45,26) 0.000009
(60,26) 0.000012
(75,26) 0.000014
(90,26) 0.000017
(16,10) 0.000001
(16,20) 0.000003
(16,30) 0.000004
(16,40) 0.000005
(16,50) 0.000006
(16,60) 0.000007
(15,26) 0.000003
(30,26) 0.000006
(45,26) 0.000009
(60,26) 0.000012
(75,26) 0.000015
(90,26) 0.000017
(16,10) 0.000001
(16,20) 0.000003
(16,30) 0.000004
(16,40) 0.000005
(16,50) 0.000006
(16,60) 0.000007
(15,26) 0.000003
(30,26) 0.000006
(45,26) 0.000009
(60,26) 0.000012
(75,26) 0.000014
(90,26) 0.000018
(16,10) 0.000001
(16,20) 0.000003
(16,30) 0.000004
(16,40) 0.000005
(16,50) 0.000006
(16,60) 0.000007
(15,26) 0.000003
(30,26) 0.000006
(45,26) 0.000009
(60,26) 0.000012
(75,26) 0.000014
(90,26) 0.000017
(16,10) 0.000001
(16,20) 0.000003
(16,30) 0.000004
(16,40) 0.000005
(16,50) 0.000005
(16,60) 0.000007
(15,26) 0.000003
(30,26) 0.000006
(45,26) 0.000009
(60,26) 0.000012
(75,26) 0.000014
(90,26) 0.000017
(16,10) 0.000001
(16,20) 0.000003
(16,30) 0.000004
(16,40) 0.000005
(16,50) 0.000005
(16,60) 0.000007
(15,26) 0.000003
(30,26) 0.000006
(45,26) 0.000009
(60,26) 0.000012
(75,26) 0.000014
(90,26) 0.000017
(16,10) 0.000002
(16,20) 0.000003
(16,30) 0.000004
(16,40) 0.000005
(16,50) 0.000006
(16,60) 0.000007
(15,26) 0.000003
(30,26) 0.000006
(45,26) 0.000009
(60,26) 0.000012
(75,26) 0.000015
(90,26) 0.000017
(16,10) 0.000002
(16,20) 0.000003
(16,30) 0.000004
(16,40) 0.000005
(16,50) 0.000006
(16,60) 0.000007
(15,26) 0.000003
(30,26) 0.000006
(45,26) 0.000009
(60,26) 0.000012
(75,26) 0.000015
(90,26) 0.000017
(16,10) 0.000001
(16,20) 0.000003
(16,30) 0.000004
(16,40) 0.000005
(16,50) 0.000006
(16,60) 0.000007
(15,26) 0.000003
(30,26) 0.000006
(45,26) 0.000009
(60,26) 0.000012
(75,26) 0.000015
(90,26) 0.000017
(16,10) 0.000002
(16,20) 0.000003
(16,30) 0.000004
(16,40) 0.000005
(16,50) 0.000006
(16,60) 0.000007
(15,26) 0.000003
(30,26) 0.000006
(45,26) 0.000009
(60,26) 0.000012
(75,26) 0.000015
(90,26) 0.000017
(16,10) 0.000001
(16,20) 0.000003
(16,30) 0.000004
(16,40) 0.000005
(16,50) 0.000006
(16,60) 0.000007
(15,26) 0.000003
(30,26) 0.000006
(45,26) 0.000009
(60,26) 0.000012
(75,26) 0.000015
(90,26) 0.000017
(16,10) 0.000002
(16,20) 0.000003
(16,30) 0.000004
(16,40) 0.000005
(16,50) 0.000006
(16,60) 0.000007
(15,26) 0.000003
(30,26) 0.000006
(45,26) 0.000009
(60,26) 0.000012
(75,26) 0.000015
(90,26) 0.000018
(16,10) 0.000001
(16,20) 0.000003
(16,30) 0.000004
(16,40) 0.000005
(16,50) 0.000006
(16,60) 0.000007
(15,26) 0.000003
(30,26) 0.000006
(45,26) 0.000009
(60,26) 0.000012
(75,26) 0.000015
(90,26) 0.000018
(16,10) 0.000002
(16,20) 0.000003
(16,30) 0.000004
(16,40) 0.000005
(16,50) 0.000006
(16,60) 0.000007
(15,26) 0.000003
(30,26) 0.000006
(45,26) 0.000009
(60,26) 0.000012
(75,26) 0.000015
(90,26) 0.000017
(16,10) 0.000001
(16,20) 0.000003
(16,30) 0.000004
(16,40) 0.000005
(16,50) 0.000005
(16,60) 0.000007
(15,26) 0.000003
(30,26) 0.000006
(45,26) 0.000009
(60,26) 0.000012
(75,26) 0.000015
(90,26) 0.000017
(16,10) 0.000002
(16,20) 0.000003
(16,30) 0.000004
(16,40) 0.000005
(16,50) 0.000006
(16,60) 0.000007
(15,26) 0.000003
(30,26) 0.000006
(45,26) 0.000009
(60,26) 0.000012
(75,26) 0.000015
(90,26) 0.000018
(16,10) 0.000001
(16,20) 0.000003
(16,30) 0.000004
(16,40) 0.000005
(16,50) 0.000006
(16,60) 0.000007
(15,26) 0.000003
(30,26) 0.000006
(45,26) 0.000009
(60,26) 0.000012
(75,26) 0.000015
(90,26) 0.000017
(16,10) 0.000001
(16,20) 0.000003
(16,30) 0.000004
(16,40) 0.000005
(16,50) 0.000005
(16,60) 0.000007
(15,26) 0.000003
(30,26) 0.000006
(45,26) 0.000009
(60,26) 0.000012
(75,26) 0.000015
(90,26) 0.000017
(16,10) 0.000002
(16,20) 0.000003
(16,30) 0.000004
(16,40) 0.000005
(16,50) 0.000006
(16,60) 0.000007
(15,26) 0.000003
(30,26) 0.000006
(45,26) 0.000009
(60,26) 0.000012
(75,26) 0.000015
(90,26) 0.000018
(16,10) 0.000002
(16,20) 0.000003
(16,30) 0.000004
(16,40) 0.000005
(16,50) 0.000006
(16,60) 0.000007
(15,26) 0.000003
(30,26) 0.000006
(45,26) 0.000009
(60,26) 0.000012
(75,26) 0.000015
(90,26) 0.000019
(16,10) 0.000001
(16,20) 0.000003
(16,30) 0.000004
(16,40) 0.000005
(16,50) 0.000006
(16,60) 0.000007
(15,26) 0.000003
(30,26) 0.000006
(45,26) 0.000009
(60,26) 0.000012
(75,26) 0.000015
(90,26) 0.000017
(16,10) 0.000001
(16,20) 0.000002
(16,30) 0.000004
(16,40) 0.000005
(16,50) 0.000006
(16,60) 0.000007
(15,26) 0.000003
(30,26) 0.000006
(45,26) 0.000009
(60,26) 0.000012
(75,26) 0.000015
(90,26) 0.000017
(16,10) 0.000001
(16,20) 0.000003
(16,30) 0.000004
(16,40) 0.000005
(16,50) 0.000006
(16,60) 0.000007
(15,26) 0.000003
(30,26) 0.000006
(45,26) 0.000009
(60,26) 0.000012
(75,26) 0.000015
(90,26) 0.000017
(16,10) 0.000001
(16,20) 0.000003
(16,30) 0.000004
(16,40) 0.000005
(16,50) 0.000005
(16,60) 0.000007
(15,26) 0.000003
(30,26) 0.000006
(45,26) 0.000009
(60,26) 0.000012
(75,26) 0.000015
(90,26) 0.000017
(16,10) 0.000001
(16,20) 0.000003
(16,30) 0.000004
(16,40) 0.000005
(16,50) 0.000006
(16,60) 0.000007
(15,26) 0.000003
(30,26) 0.000006
(45,26) 0.000009
(60,26) 0.000012
(75,26) 0.000014
(90,26) 0.000017
(16,10) 0.000002
(16,20) 0.000003
(16,30) 0.000004
(16,40) 0.000005
(16,50) 0.000006
(16,60) 0.000007
(15,26) 0.000003
(30,26) 0.000006
(45,26) 0.000009
(60,26) 0.000012
(75,26) 0.000015
(90,26) 0.000017
(16,10) 0.000001
(16,20) 0.000003
(16,30) 0.000004
(16,40) 0.000005
(16,50) 0.000006
(16,60) 0.000007
(15,26) 0.000003
(30,26) 0.000006
(45,26) 0.000009
(60,26) 0.000012
(75,26) 0.000014
(90,26) 0.000017
(16,10) 0.000002
(16,20) 0.000003
(16,30) 0.000004
(16,40) 0.000005
(16,50) 0.000005
(16,60) 0.000007
(15,26) 0.000003
(30,26) 0.000006
(45,26) 0.000009
(60,26) 0.000012
(75,26) 0.000015
(90,26) 0.000018
(16,10) 0.000001
(16,20) 0.000003
(16,30) 0.000004
(16,40) 0.000005
(16,50) 0.000005
(16,60) 0.000007
(15,26) 0.000003
(30,26) 0.000006
(45,26) 0.000009
(60,26) 0.000012
(75,26) 0.000015
(90,26) 0.000017
(16,10) 0.000002
(16,20) 0.000003
(16,30) 0.000004
(16,40) 0.000005
(16,50) 0.000006
(16,60) 0.000007
(15,26) 0.000003
(30,26) 0.000006
(45,26) 0.000025
(60,26) 0.000012
(75,26) 0.000015
(90,26) 0.000018
(16,10) 0.000002
(16,20) 0.000003
(16,30) 0.000003
(16,40) 0.000005
(16,50) 0.000006
(16,60) 0.000007
(15,26) 0.000003
(30,26) 0.000006
(45,26) 0.000009
(60,26) 0.000012
(75,26) 0.000014
(90,26) 0.000017
(16,10) 0.000002
(16,20) 0.000003
(16,30) 0.000004
(16,40) 0.000005
(16,50) 0.000006
(16,60) 0.000007
(15,26) 0.000003
(30,26) 0.000006
(45,26) 0.000009
(60,26) 0.000012
(75,26) 0.000014
(90,26) 0.000017
(16,10) 0.000001
(16,20) 0.000003
(16,30) 0.000004
(16,40) 0.000005
(16,50) 0.000006
(16,60) 0.000007
(15,26) 0.000003
(30,26) 0.000006
(45,26) 0.000009
(60,26) 0.000030
(75,26) 0.000015
(90,26) 0.000018
(16,10) 0.000001
(16,20) 0.000003
(16,30) 0.000004
(16,40) 0.000005
(16,50) 0.000006
(16,60) 0.000007
(15,26) 0.000003
(30,26) 0.000006
(45,26) 0.000009
(60,26) 0.000012
(75,26) 0.000015
(90,26) 0.000018
(16,10) 0.000001
(16,20) 0.000003
(16,30) 0.000004
(16,40) 0.000005
(16,50) 0.000006
(16,60) 0.000007
(15,26) 0.000003
(30,26) 0.000006
(45,26) 0.000009
(60,26) 0.000012
(75,26) 0.000014
(90,26) 0.000018
(16,10) 0.000002
(16,20) 0.000003
(16,30) 0.000004
(16,40) 0.000005
(16,50) 0.000006
(16,60) 0.000007
(15,26) 0.000003
(30,26) 0.000006
(45,26) 0.000009
(60,26) 0.000012
(75,26) 0.000015
(90,26) 0.000017
(16,10) 0.000001
(16,20) 0.000003
(16,30) 0.000004
(16,40) 0.000005
(16,50) 0.000005
(16,60) 0.000007
(15,26) 0.000003
(30,26) 0.000006
(45,26) 0.000009
(60,26) 0.000012
(75,26) 0.000014
(90,26) 0.000017
(16,10) 0.000001
(16,20) 0.000003
(16,30) 0.000004
(16,40) 0.000005
(16,50) 0.000006
(16,60) 0.000007
(15,26) 0.000003
(30,26) 0.000006
(45,26) 0.000009
(60,26) 0.000012
(75,26) 0.000015
(90,26) 0.000017
(16,10) 0.000001
(16,20) 0.000003
(16,30) 0.000003
(16,40) 0.000005
(16,50) 0.000006
(16,60) 0.000007
(15,26) 0.000003
(30,26) 0.000006
(45,26) 0.000009
(60,26) 0.000012
(75,26) 0.000015
(90,26) 0.000017
