6
8
16
18
24
40
42
48
52
56
56
62
70
78
80
82
84
106
106
116
116
130
134
140
142
146
150
166
170
176
198
202
226
238
242
246
258
264
274
276
278
278
280
284
284
288
292
292
296
306
306
318
336
340
350
378
378
386
402
410
410
432
450
458
470
472
482
490
496
500
506
518
518
538
576
578
584
600
606
608
608
636
660
666
670
674
696
702
722
724
738
754
756
782
794
796
806
806
812
830
842
846
848
858
870
874
880
882
888
904
912
924
934
936
942
948
950
958
962
968
970
970
976
978
982
990
1004
1006
1012
1042
1044
1054
1056
1060
1060
1064
1080
1084
1106
1110
1126
1130
1136
1146
1158
1162
1184
1188
1196
1206
1212
1212
1216
1216
1220
1226
1234
1234
1242
1256
1260
1300
1306
1310
1312
1316
1316
1322
1332
1338
1350
1358
1362
1368
1368
1380
1382
1384
1384
1386
1386
1390
1396
1400
1404
1408
1414
1418
1432
1452
1462
1468
1484
1488
1496
1500
1502
1508
1518
1526
1534
1536
1536
1546
1546
1556
1556
1572
1576
1576
1584
1626
1642
1652
1664
1666
1678
1678
1682
1690
1692
1692
1700
1736
1748
1750
1786
1786
1796
1798
1800
1810
1812
1822
1824
1834
1844
1860
1870
1880
1886
1886
1904
1916
1958
1958
1970
1978
1980
2010
2016
2018
2024
2024
2028
2034
2036
2046
2050
2056
2082
2096
2104
2104
2104
2108
2112
2128
2142
2142
2168
2170
2176
2210
2248
2254
2262
2262
2270
2270
2292
2300
2308
2314
2324
2362
2374
2400
2402
2410
2412
2438
2442
2452
2454
2458
2476
2488
2514
2518
2528
2530
2534
2536
2542
2556
2556
2560
2562
2564
2586
2640
2650
2662
2668
2676
2678
2680
2688
2696
2710
2720
2726
2728
2728
2728
2732
2762
2764
2772
2780
2802
2810
2816
2822
2822
2832
2842
2860
2872
2882
2886
2890
2896
2908
2914
2916
2932
2944
2952
2958
2964
2988
2990
2994
3006
3022
3030
3032
3046
3054
3056
3056
3068
3074
3076
3078
3078
3086
3098
3100
3104
3120
3126
3126
3130
3140
3140
3150
3174
3176
3176
3188
3190
3208
3216
3220
3230
3240
3240
3246
3252
3252
3254
3274
3286
3300
3308
3310
3310
3322
3324
3326
3340
3340
3350
3354
3358
3366
3366
3384
3390
3394
3398
3398
3402
3414
3420
3422
3434
3442
3446
3446
3450
3454
3460
3462
3462
3470
3474
3482
3502
3504
3516
3526
3536
3538
3540
3542
3548
3550
3552
3580
3584
3598
3614
3620
3626
3628
3636
3636
3650
3654
3656
3664
3672
3680
3684
3694
3696
3698
3702
3704
3724
3732
3738
3762
3762
3766
3770
3774
3780
3784
3794
3796
3798
3806
3810
3816
3816
3824
3830
3840
3848
3852
3854
3864
3870
3872
3882
3886
3898
3902
3908
3908
3934
3938
3940
3962
3968
3976
3980
3982
3982
3986
3994
3998
4006
4022
4032
4036
4038
4042
4056
4078
4086
4094
4122
4128
4146
4164
4170
4176
4176
4176
4186
4188
4190
4194
4222
4224
4250
4250
4250
4272
4274
4276
4278
4280
4288
4290
4300
4302
4308
4322
4336
4346
4356
4366
4372
4374
4384
4412
4416
4422
4440
4444
4446
4448
4464
4474
4484
4488
4514
4514
4516
4526
4528
4538
4540
4560
4564
4572
4580
4590
4606
4612
4614
4634
4634
4644
4648
4654
4660
4668
4680
4686
4688
4704
4714
4726
4728
4736
4740
4752
4764
4794
4802
4806
4806
4812
4820
4842
4850
4852
4858
4864
4870
4876
4888
4890
4902
4904
4922
4922
4932
4938
4960
4962
4966
4972
4978
4994
5006
5010
5016
5020
5020
5024
5026
5028
5032
5040
5058
5060
5068
5068
5076
5090
5098
5108
5112
5130
5144
5148
5178
5186
5196
5198
5200
5214
5218
5244
5246
5250
5250
5250
5268
5282
5290
5294
5298
5300
5302
5316
5322
5324
5326
5336
5338
5340
5340
5340
5356
5390
5390
5390
5398
5400
5404
5404
5436
5436
5464
5464
5468
5474
5474
5482
5484
5502
5548
5564
5570
5572
5584
5584
5588
5592
5600
5628
5630
5630
5630
5638
5646
5658
5658
5690
5700
5702
5716
5724
5730
5744
5760
5766
5766
5768
5770
5800
5820
5828
5844
5846
5854
5884
5886
5886
5888
5892
5926
5928
5942
5960
5978
5980
5990
5990
5994
6010
6010
6024
6044
6058
6068
6070
6078
6106
6110
6118
6122
6126
6130
6136
6156
6158
6160
6160
6166
6168
6186
6186
6204
6220
6228
6246
6256
6268
6290
6296
6308
6308
6322
6328
6338
6342
6358
6362
6368
6374
6374
6384
6390
6392
6396
6400
6404
6410
6420
6424
6430
6434
6434
6440
6440
6442
6446
6454
6464
6478
6480
6482
6488
6496
6502
6512
6528
6542
6552
6556
6562
6562
6564
6584
6586
6594
6618
6636
6646
6656
6664
6666
6670
6672
6676
6676
6678
6680
6680
6686
6696
6702
6718
6720
6724
6740
6758
6760
6776
6776
6786
6788
6792
6800
6804
6826
6850
6852
6858
6860
6864
6868
6890
6890
6894
6898
6908
6908
6910
6954
6954
6960
6974
6990
6994
7006
7010
7034
7046
7046
7050
7054
7058
7074
7084
7090
7094
7096
7108
7108
7114
7116
7122
7130
7130
7132
7138
7146
7152
7160
7164
7168
7170
7172
7172
7182
7184
7184
7192
7204
7206
7218
7222
7234
7250
7274
7274
7280
7288
7300
7302
7304
7312
7318
7332
7340
7342
7342
7352
7368
7374
7380
7390
7432
7456
7460
7474
7474
7484
7502
7506
7520
7520
7532
7554
7560
7576
7578
7598
7610
7630
7630
7636
7644
7658
7660
7662
7664
7668
7678
7690
7698
7700
7710
7712
7744
7746
7756
7758
7770
7804
7804
7808
7824
7828
7830
7832
7834
7838
7850
7850
7860
7872
7886
7892
7908
7918
7928
7934
7936
7938
7974
7978
7990
8012
8018
8020
8030
8030
8040
8062
8082
8084
8094
8110
8118
8142
8148
8150
8168
8168
8176
8180
8196
8198
8198
8202
8240
8282
8282
8288
8314
8334
8338
8344
8358
8364
8372
8378
8386
8396
8404
8404
8410
8416
8416
8426
8436
8458
8462
8470
8496
8506
8510
8530
8556
8574
8574
8574
8582
8598
8602
8610
8626
8626
8638
8648
8654
8666
8686
8690
8692
8692
8720
8720
8722
8724
8728
8742
8760
8762
8808
8820
8828
8830
8832
8844
8858
8868
8898
8904
8916
8920
8928
8936
8944
8948
8970
8972
8978
8986
8992
9016
9020
9028
9030
9042
9048
9072
9092
9092
9098
9124
9130
9132
9150
9160
9160
9166
9172
9182
9182
9184
9186
9192
9198
9208
9210
9222
9234
9246
9258
9264
9276
9276
9278
9280
9280
9282
9302
9308
9328
9334
9334
9350
9356
9360
9362
9372
9380
9386
9386
9396
9422
9424
9430
9436
9436
9438
9440
9442
9456
9466
9468
9476
9490
9494
9498
9500
9500
9500
9510
9512
9514
9514
9538
9540
9590
9596
9604
9612
9618
9632
9642
9654
9654
9666
9672
9682
9704
9708
9716
9720
9720
9734
9736
9744
9744
9758
9764
9766
9772
9796
9814
9824
9838
9856
9862
9880
9880
9882
9888
9896
9898
9902
9906
9908
9916
9922
9932
9932
9938
9940
9950
9954
9956
9964
9966
9970
9970
9974
9996
9998
10000
10004
10012
10030
10042
10042
10044
10056
10060
10060
10064
10064
10066
10066
10076
10082
10088
10090
10098
10106
10110
10116
10118
10142
10150
10162
10168
10168
10172
10178
10186
10194
10210
10216
10218
10234
10246
10262
10272
10274
10304
10308
10316
10316
10322
10338
10348
10350
10354
10380
10382
10386
10404
10408
10440
10448
10450
10452
10454
10460
10460
10466
10468
10482
10484
10498
10502
10506
10518
10536
10558
10562
10568
10578
10586
10598
10600
10606
10624
10638
10680
10688
10704
10742
10768
10770
10776
10778
10792
10796
10796
10804
10816
10832
10832
10834
10836
10846
10854
10866
10872
10872
10892
10894
10900
10900
10908
10912
10938
10940
10942
10944
10970
10976
10982
10988
11012
11014
11026
11034
11038
11040
11050
11064
11064
11070
11072
11074
11074
11076
11080
11082
11090
11094
11106
11110
11112
11116
11120
11130
11130
11132
11168
11168
11178
11178
11202
11204
11204
11206
11212
11220
11256
11258
11270
11276
11292
11292
11302
11302
11302
11324
11336
11350
11352
11354
11372
11384
11388
11390
11398
11410
11412
11424
11428
11430
11432
11434
11444
11444
11450
11456
11464
11490
11500
11504
11508
11516
11520
11528
11530
11534
11538
11542
11550
11556
11566
11566
11572
11584
11586
11588
11588
11594
11616
11618
11640
11642
11642
11658
11662
11682
11684
11688
11688
11690
11696
11700
11708
11714
11714
11718
11730
11738
11744
11748
11748
11752
11762
11786
11812
11814
11824
11830
11840
11854
11868
11872
11874
11876
11878
11878
11886
11890
11890
11892
11900
11934
11940
11946
11948
11968
11970
11974
11974
11982
11988
11988
11994
12006
12006
12012
12016
12042
12050
12060
12076
12076
12076
12092
12096
12100
12128
12128
12140
12144
12154
12170
12178
12194
12200
12204
12236
12240
12244
12250
12250
12252
12258
12270
12278
12280
12282
12292
12298
12298
12306
12314
12322
12334
12340
12344
12376
12380
12382
12386
12404
12408
12408
12408
12412
12418
12418
12438
12448
12454
12462
12462
12468
12476
12482
12498
12518
12532
12532
12540
12544
12544
12572
12574
12584
12600
12600
12610
12642
12654
12658
12664
12668
12672
12672
12680
12682
12688
12690
12708
12716
12718
12730
12732
12732
12738
12758
12764
12776
12814
12820
12822
12826
12842
12842
12844
12844
12848
12852
12854
12860
12860
12862
12878
12882
12892
12900
12900
12918
12920
12922
12926
12928
12934
12946
12954
12954
12956
12958
12966
12972
12980
12982
12986
13000
13004
13004
13008
13016
13016
13022
13026
13066
13066
13076
13076
13080
13080
13082
13098
13100
13114
13116
13118
13122
13124
13144
13150
13152
13164
13164
13172
13172
13172
13190
13198
13204
13204
13216
13222
13224
13230
13234
13236
13242
13262
13270
13272
13274
13280
13290
13292
13296
13302
13304
13308
13334
13334
13352
13376
13386
13396
13404
13408
13410
13410
13416
13432
13446
13448
13458
13462
13462
13468
13476
13482
13494
13496
13506
13524
13526
13532
13532
13532
13534
13534
13564
13568
13596
13622
13626
13632
13632
13646
13648
13652
13662
13666
13668
13680
13688
13692
13698
13700
13702
13720
13720
13724
13734
13736
13744
13750
13756
13758
13762
13770
13780
13780
13792
13800
13804
13830
13830
13844
13846
13846
13846
13846
13850
13856
13864
13864
13910
13924
13928
13932
13944
13990
14008
14014
14022
14032
14056
14060
14076
14084
14086
14086
14096
14098
14108
14110
14112
14116
14150
14170
14182
14186
14198
14206
14208
14236
14242
14256
14258
14262
14274
14296
14304
14316
14322
14324
14328
14342
14344
14356
14356
14370
14386
14390
14400
14410
14416
14420
14426
14442
14458
14462
14468
14474
14478
14478
14480
14480
14490
14502
14524
14524
14532
14534
14542
14556
14566
14570
14570
14576
14592
14596
14598
14600
14602
14602
14642
14656
14656
14698
14710
14714
14716
14744
14744
14746
14750
14752
14778
14782
14812
14812
14812
14838
14864
14870
14876
14882
14882
14892
14896
14896
14900
14904
14924
14936
14938
14940
14946
14950
14958
14962
14966
14974
14982
14984
14984
14996
15014
15022
15028
15032
15036
15046
15046
15056
15062
15068
15068
15076
15080
15088
15090
15094
15098
15102
15144
15156
15160
15164
15170
15172
15180
15182
15184
15206
15208
15208
15210
15222
15232
15238
15238
15254
15258
15272
15278
15280
15292
15316
15330
15330
15332
15336
15340
15344
15358
15358
15364
15376
15376
15402
15422
15434
15436
15438
15440
15442
15454
15454
15456
15460
15474
15476
15480
15482
15492
15514
15522
15536
15536
15548
15566
15570
15580
15586
15608
15618
15622
15622
15626
15630
15666
15692
15698
15714
15726
15728
15758
15764
15772
15772
15774
15796
15800
15802
15810
15824
15830
15836
15852
15898
15900
15904
15906
15908
15916
15916
15922
15932
15940
15950
15950
15952
15962
15972
15986
15994
16002
16014
16020
16046
16058
16068
16084
16088
16090
16092
16110
16120
16122
16144
16150
16158
16160
16162
16180
16184
16200
16212
16232
16234
16240
16248
16250
16250
16288
16292
16296
16306
16318
16320
16332
16336
16342
16344
16348
16354
16364
16368
16372
16374
16376
16388
16388
16404
16422
16426
16434
16434
16468
16474
16478
16486
16490
16492
16494
16500
16504
16504
16512
16512
16514
16520
16532
16532
16544
16550
16562
16566
16580
16620
16626
16626
16628
16630
16648
16648
16648
16652
16654
16658
16678
16678
16686
16692
16702
16704
16714
16720
16720
16722
16726
16730
16756
16760
16760
16762
16766
16766
16774
16776
16788
16792
16798
16800
16810
16822
16828
16838
16842
16842
16862
16874
16874
16908
16912
16944
16954
16960
16966
16972
16980
16982
16984
16986
16992
17006
17010
17014
17020
17028
17028
17038
17044
17052
17052
17058
17070
17090
17092
17102
17104
17106
17126
17164
17182
17190
17192
17212
17220
17226
17232
17248
17254
17262
17272
17276
17288
17304
17316
17340
17344
17362
17366
17368
17372
17384
17390
17390
17400
17406
17410
17412
17414
17418
17428
17432
17438
17440
17444
17446
17448
17458
17464
17476
17476
17482
17504
17504
17506
17512
17518
17524
17528
17536
17558
17570
17586
17606
17608
17610
17646
17652
17654
17656
17662
17666
17670
17670
17676
17700
17704
17706
17734
17742
17744
17760
17768
17770
17780
17782
17792
17802
17814
17818
17834
17838
17844
17844
17850
17856
17860
17860
17864
17868
17870
17874
17876
17882
17884
17912
17924
17928
17930
17936
17942
17952
17956
17958
17964
17964
17966
17974
17980
17982
17992
18012
18018
18020
18020
18046
18046
18068
18080
18100
18106
18116
18144
18144
18148
18152
18154
18156
18158
18162
18170
18172
18176
18180
18182
18188
18198
18204
18214
18236
18250
18258
18266
18270
18304
18312
18318
18322
18332
18336
18360
18380
18386
18394
18396
18408
18440
18446
18454
18456
18464
18496
18502
18504
18506
18514
18520
18522
18530
18532
18540
18546
18550
18554
18564
18580
18596
18598
18602
18620
18626
18628
18628
18636
18640
18642
18648
18656
18708
18714
18718
18728
18740
18748
18750
18770
18774
18776
18778
18802
18810
18814
18824
18842
18850
18850
18858
18898
18902
18916
18924
18928
18932
18934
18974
18974
18976
18984
18992
18998
19002
19006
19006
19010
19014
19016
19024
19028
19030
19030
19046
19048
19054
19062
19070
19070
19092
19102
19110
19122
19132
19134
19146
19148
19152
19156
19156
19166
19188
19202
19202
19232
19248
19250
19292
19294
19316
19316
19324
19352
19386
19388
19390
19390
19398
19414
19428
19444
19458
19460
19468
19482
19508
19516
19524
19532
19536
19540
19548
19562
19564
19566
19578
19578
19580
19586
19586
19606
19628
19630
19636
19654
19664
19668
19686
19692
19694
19694
19700
19700
19706
19716
19716
19716
19720
19736
19736
19752
19788
19810
19810
19832
19842
19846
19860
19868
19882
19902
19916
19922
19922
19926
19928
19940
19962
19966
19968
19976
19980
20000
20004
20008
20012
20016
20032
20042
20060
20064
20070
20072
20078
20080
20082
20094
20096
20096
20114
20134
20150
20150
20160
20166
20178
20204
20206
20206
20212
20212
20224
20232
20260
20266
20268
20278
20282
20284
20284
20286
20288
20292
20310
20330
20334
20336
20342
20352
20356
20368
20368
20378
20386
20390
20396
20398
20404
20404
20404
20408
20416
20448
20468
20476
20504
20516
20536
20540
20546
20564
20570
20570
20574
20574
20582
20586
20586
20618
20618
20624
20626
20638
20644
20648
20684
20688
20700
20700
20706
20714
20730
20754
20756
20760
20764
20764
20766
20778
20780
20786
20792
20792
20810
20822
20830
20838
20844
20850
20852
20856
20860
20880
20886
20918
20932
20932
20936
20936
20942
20962
20964
20970
20970
20978
20980
20996
21008
21012
21016
21036
21064
21076
21078
21080
21084
21096
21110
21110
21112
21114
21116
21118
21146
21148
21170
21182
21194
21194
21198
21200
21200
21212
21214
21230
21260
21270
21270
21274
21278
21280
21284
21294
21304
21308
21314
21326
21332
21336
21340
21354
21354
21354
21356
21358
21360
21362
21368
21374
21376
21394
21396
21400
21400
21424
21426
21440
21444
21448
21466
21474
21490
21492
21494
21496
21506
21516
21522
21522
21530
21546
21554
21580
21588
21594
21594
21596
21610
21612
21614
21616
21618
21632
21638
21646
21648
21654
21664
21684
21686
21688
21688
21690
21698
21722
21732
21734
21738
21744
21764
21766
21766
21772
21782
21786
21808
21808
21812
21818
21820
21830
21846
21858
21870
21870
21876
21880
21886
21890
21892
21902
21902
21910
21922
21932
21936
21940
21948
21952
21968
21972
21974
21982
21992
21996
21998
22002
22002
22014
22016
22022
22028
22040
22046
22052
22054
22088
22094
22098
22102
22112
22112
22116
22128
22138
22144
22146
22150
22160
22182
22188
22192
22198
22210
22220
22248
22254
22256
22268
22292
22298
22298
22306
22312
22312
22316
22318
22342
22346
22352
22366
22382
22384
22384
22394
22422
22422
22442
22442
22446
22448
22474
22476
22486
22490
22494
22516
22522
22524
22534
22542
22586
22598
22598
22600
22638
22640
22646
22646
22648
22666
22674
22684
22734
22734
22738
22752
22762
22764
22766
22770
22786
22790
22800
22816
22820
22834
22840
22844
22854
22860
22862
22868
22870
22894
22904
22906
22910
22910
22916
22924
22924
22942
22944
22946
22954
22956
22966
22972
22986
22990
23004
23006
23008
23016
23022
23028
23040
23042
23042
23062
23076
23088
23108
23116
23120
23120
23134
23136
23138
23140
23148
23152
23170
23184
23186
23194
23198
23200
23240
23244
23260
23270
23276
23286
23294
23294
23300
23304
23324
23340
23344
23362
23368
23396
23402
23414
23428
23430
23456
23472
23476
23498
23508
23510
23518
23526
23542
23554
23562
23568
23570
23574
23576
23596
23614
23624
23644
23650
23654
23658
23660
23666
23666
23672
23674
23676
23680
23690
23698
23714
23718
23720
23744
23748
23748
23750
23752
23772
23776
23776
23782
23792
23806
23812
23818
23836
23884
23900
23914
23914
23918
23920
23938
23954
23958
23960
23966
23972
23978
23998
24006
24016
24024
24036
24038
24042
24044
24054
24066
24072
24084
24086
24088
24096
24104
24106
24108
24120
24132
24146
24148
24148
24152
24156
24158
24162
24164
24164
24166
24174
24194
24200
24210
24236
24242
24252
24258
24270
24272
24274
24294
24302
24310
24314
24316
24316
24328
24340
24360
24362
24374
24378
24386
24386
24400
24410
24424
24458
24476
24478
24488
24490
24498
24502
24506
24508
24516
24518
24526
24536
24548
24548
24550
24552
24558
24560
24560
24574
24578
24580
24584
24586
24588
24590
24590
24592
24600
24612
24624
24632
24634
24638
24644
24648
24682
24688
24688
24702
24706
24710
24712
24716
24722
24730
24736
24752
24764
24784
24786
24812
24840
24846
24850
24850
24864
24866
24874
24876
24896
24904
24910
24910
24920
24928
24944
24962
24976
24976
24978
24986
24998
25000
25006
25006
25008
25016
25030
25032
25034
25050
25054
25058
25058
25062
25068
25072
25074
25074
25082
25092
25094
25098
25098
25100
25122
25134
25140
25140
25144
25156
25162
25168
25178
25188
25200
25212
25222
25236
25238
25246
25252
25256
25256
25258
25268
25274
25288
25308
25340
25346
25348
25350
25354
25372
25386
25390
25396
25408
25412
25418
25428
25434
25444
25444
25446
25450
25458
25458
25466
25468
25470
25474
25492
25500
25510
25518
25518
25520
25558
25558
25564
25592
25600
25616
25618
25634
25636
25652
25666
25670
25674
25680
25686
25688
25718
25728
25756
25764
25776
25778
25780
25782
25792
25804
25814
25822
25840
25848
25854
25854
25860
25862
25866
25866
25870
25870
25872
25874
25876
25882
25892
25898
25956
25966
25986
25986
25996
26000
26008
26014
26018
26040
26044
26056
26060
26062
26074
26074
26074
26086
26098
26106
26122
26126
26126
26126
26128
26152
26158
26186
26202
26240
26248
26264
26274
26278
26284
26284
26286
26286
26290
26290
26298
26304
26312
26322
26324
26326
26326
26330
26338
26342
26350
26356
26358
26372
26378
26384
26388
26392
26402
26414
26416
26418
26420
26448
26452
26464
26464
26468
26478
26480
26490
26490
26490
26490
26500
26504
26506
26514
26522
26522
26524
26538
26570
26578
26580
26580
26580
26586
26592
26606
26620
26620
26632
26632
26660
26670
26672
26674
26676
26682
26690
26714
26714
26722
26724
26734
26740
26742
26754
26768
26776
26784
26802
26806
26812
26814
26838
26856
26876
26882
26888
26888
26904
26904
26904
26908
26916
26930
26930
26934
26944
26944
26950
26952
26970
26974
26978
26980
26980
27000
27004
27018
27018
27018
27036
27038
27050
27062
27080
27086
27098
27098
27118
27146
27156
27158
27168
27168
27180
27184
27194
27208
27216
27224
27226
27246
27258
27264
27270
27280
27284
27294
27296
27306
27318
27350
27350
27364
27388
27388
27394
27396
27424
27426
27432
27432
27444
27460
27478
27492
27498
27516
27516
27518
27524
27526
27546
27548
27552
27568
27568
27570
27574
27574
27586
27590
27598
27606
27620
27634
27636
27652
27658
27660
27674
27686
27702
27702
27704
27710
27730
27740
27748
27754
27754
27764
27770
27776
27792
27820
27824
27834
27848
27858
27860
27862
27880
27892
27900
27918
27926
27932
27942
27942
27946
27952
27952
27954
27970
27970
27982
27986
27986
27994
27996
28000
28014
28016
28030
28030
28032
28036
28044
28046
28048
28052
28070
28094
28116
28124
28124
28126
28132
28132
28154
28156
28160
28162
28172
28182
28190
28216
28236
28238
28244
28280
28282
28288
28290
28292
28306
28310
28322
28322
28328
28342
28354
28358
28362
28370
28372
28386
28392
28392
28394
28398
28398
28428
28436
28462
28482
28486
28492
28496
28496
28510
28512
28524
28540
28544
28548
28572
28590
28618
28620
28636
28658
28662
28666
28668
28672
28682
28686
28690
28720
28726
28728
28738
28752
28754
28762
28772
28774
28796
28796
28798
28818
28826
28826
28838
28844
28846
28856
28856
28874
28878
28878
28884
28886
28898
28916
28920
28924
28926
28928
28938
28942
28948
28962
28970
28972
28978
29008
29014
29016
29024
29036
29040
29044
29046
29046
29052
29070
29072
29074
29082
29090
29100
29104
29114
29120
29136
29156
29162
29178
29180
29200
29208
29212
29218
29222
29226
29230
29230
29248
29250
29258
29262
29266
29276
29280
29280
29284
29286
29296
29302
29318
29324
29326
29340
29352
29368
29376
29386
29388
29394
29400
29404
29416
29418
29418
29426
29442
29444
29446
29452
29452
29460
29472
29474
29504
29506
29508
29534
29542
29542
29552
29560
29576
29580
29580
29596
29602
29608
29624
29630
29638
29640
29640
29648
29650
29670
29676
29688
29704
29708
29710
29734
29736
29750
29756
29766
29774
29778
29780
29786
29786
29790
29798
29804
29804
29814
29848
29864
29864
29870
29876
29886
29890
29896
29910
29914
29920
29924
29924
29928
29968
29976
29978
29980
29984
29992
30000
30008
30010
30012
30018
30024
30024
30026
30040
30044
30046
30048
30052
30052
30064
30074
30076
30110
30122
30124
30126
30144
30150
30164
30168
30178
30180
30196
30200
30234
30242
30254
30264
30274
30274
30274
30280
30282
30288
30290
30290
30294
30298
30330
30338
30342
30348
30350
30366
30366
30370
30378
30380
30398
30398
30410
30442
30476
30476
30492
30496
30506
30510
30510
30514
30514
30516
30524
30528
30528
30542
30546
30550
30558
30562
30564
30580
30580
30580
30584
30592
30638
30666
30676
30686
30692
30694
30698
30700
30702
30738
30740
30740
30740
30748
30752
30754
30768
30808
30812
30814
30822
30828
30830
30832
30862
30866
30882
30888
30894
30894
30904
30908
30914
30920
30926
30938
30954
30984
30990
30996
31006
31010
31058
31070
31072
31122
31130
31134
31136
31146
31148
31158
31162
31178
31180
31192
31194
31202
31212
31220
31230
31236
31240
31242
31246
31250
31258
31264
31276
31278
31296
31306
31330
31330
31348
31350
31352
31354
31356
31378
31424
31426
31436
31444
31448
31452
31458
31458
31466
31482
31490
31496
31498
31512
31516
31518
31520
31520
31530
31562
31574
31576
31580
31582
31582
31586
31600
31604
31604
31622
31624
31626
31628
31636
31642
31644
31652
31654
31666
31668
31670
31684
31692
31694
31702
31702
31724
31726
31728
31730
31738
31742
31748
31762
31770
31780
31782
31792
31810
31814
31846
31854
31856
31880
31882
31882
31888
31890
31894
31896
31896
31910
31932
31932
31934
31938
31960
31974
31986
32004
32032
32056
32060
32072
32076
32080
32102
32104
32120
32122
32130
32140
32142
32148
32160
32162
32170
32170
32176
32180
32192
32194
32198
32200
32200
32210
32228
32230
32232
32234
32236
32250
32256
32258
32278
32278
32282
32284
32290
32316
32326
32382
32386
32404
32416
32422
32430
32432
32434
32436
32448
32450
32452
32470
32474
32476
32502
32512
32514
32514
32518
32548
32556
32558
32560
32562
32564
32564
32580
32584
32592
32606
32634
32640
32642
32654
32662
32666
32668
32672
32674
32676
32678
32678
32686
32688
32690
32698
32720
32732
32734
32742
32793
32797
32811
32813
32827
32847
32861
32869
32873
32879
32879
32893
32897
32907
32923
32927
32929
32933
32935
32935
32935
32939
32949
32995
32997
32999
33001
33025
33039
33039
33069
33083
33089
33099
33099
33105
33123
33131
33131
33151
33153
33167
33169
33173
33179
33179
33181
33183
33189
33191
33201
33225
33233
33249
33253
33253
33267
33269
33283
33283
33295
33299
33307
33315
33333
33343
33355
33357
33367
33375
33387
33395
33403
33409
33421
33427
33429
33431
33435
33455
33455
33463
33471
33483
33485
33497
33509
33521
33539
33565
33589
33597
33613
33615
33617
33623
33649
33651
33655
33657
33667
33671
33681
33681
33687
33707
33715
33717
33719
33733
33737
33747
33753
33757
33767
33787
33791
33819
33823
33845
33847
33849
33851
33867
33875
33877
33883
33889
33897
33905
33911
33925
33933
33945
33945
33955
33967
33969
33981
33983
33999
34009
34009
34013
34023
34027
34029
34031
34033
34045
34071
34081
34109
34113
34127
34129
34131
34147
34153
34173
34187
34191
34193
34207
34207
34207
34215
34215
34221
34235
34237
34249
34251
34265
34271
34271
34275
34297
34315
34315
34337
34355
34365
34375
34379
34385
34399
34409
34411
34413
34413
34415
34419
34427
34445
34445
34447
34453
34455
34467
34467
34473
34483
34489
34491
34507
34507
34521
34525
34529
34535
34539
34543
34565
34565
34583
34591
34593
34625
34645
34655
34685
34699
34701
34725
34733
34737
34739
34743
34755
34797
34799
34811
34817
34821
34823
34841
34843
34843
34855
34861
34865
34873
34875
34877
34877
34877
34883
34885
34903
34905
34915
34915
34923
34929
34931
34939
34961
34965
35011
35017
35037
35039
35039
35041
35049
35051
35051
35061
35075
35081
35083
35093
35095
35099
35105
35105
35107
35109
35115
35139
35139
35143
35157
35167
35169
35169
35171
35173
35179
35181
35183
35197
35209
35221
35223
35225
35231
35245
35247
35249
35265
35267
35283
35289
35301
35303
35307
35319
35319
35337
35347
35367
35367
35373
35385
35399
35417
35427
35427
35437
35441
35447
35447
35457
35457
35461
35463
35493
35505
35515
35525
35547
35549
35551
35553
35553
35555
35561
35561
35615
35651
35655
35661
35663
35665
35679
35683
35687
35711
35717
35719
35721
35723
35729
35741
35755
35759
35765
35775
35777
35779
35787
35791
35797
35803
35803
35805
35813
35813
35823
35827
35833
35845
35845
35847
35859
35859
35867
35879
35891
35891
35891
35901
35907
35907
35909
35917
35929
35937
35947
35949
35951
35951
35963
35965
35969
35997
36015
36017
36023
36025
36037
36047
36053
36057
36065
36071
36073
36077
36081
36117
36121
36123
36123
36129
36129
36149
36151
36171
36173
36175
36205
36209
36217
36221
36229
36231
36243
36251
36255
36259
36265
36267
36271
36273
36281
36295
36309
36333
36333
36341
36341
36349
36351
36365
36381
36381
36401
36427
36435
36445
36455
36461
36461
36475
36477
36477
36481
36491
36501
36511
36517
36519
36519
36537
36543
36551
36555
36563
36567
36567
36589
36593
36597
36601
36637
36639
36661
36667
36669
36671
36675
36683
36691
36705
36705
36723
36729
36733
36735
36741
36747
36765
36773
36779
36785
36793
36795
36827
36837
36847
36869
36881
36885
36887
36889
36897
36911
36913
36913
36915
36923
36935
36941
36955
36959
36981
36987
36989
36995
37007
37019
37033
37039
37051
37059
37069
37073
37077
37081
37103
37109
37123
37127
37139
37169
37169
37171
37177
37177
37187
37197
37209
37221
37227
37227
37233
37237
37243
37251
37259
37261
37263
37263
37267
37269
37273
37287
37303
37303
37311
37323
37325
37329
37333
37351
37355
37355
37357
37365
37367
37369
37373
37393
37395
37401
37407
37413
37419
37431
37433
37435
37437
37437
37441
37443
37449
37451
37477
37513
37519
37519
37521
37525
37525
37525
37551
37551
37573
37575
37585
37591
37611
37611
37611
37621
37631
37639
37647
37655
37657
37659
37667
37677
37681
37685
37693
37697
37699
37729
37733
37751
37765
37769
37791
37793
37799
37805
37817
37827
37827
37831
37871
37877
37877
37879
37889
37917
37931
37963
37981
37981
38005
38017
38039
38045
38053
38059
38071
38075
38079
38079
38089
38093
38095
38101
38113
38133
38135
38145
38145
38149
38161
38181
38187
38189
38191
38191
38193
38195
38195
38207
38209
38211
38219
38249
38263
38271
38281
38281
38283
38299
38299
38309
38309
38313
38321
38323
38339
38345
38351
38353
38357
38369
38375
38391
38397
38399
38407
38411
38413
38425
38431
38435
38443
38465
38503
38505
38509
38529
38539
38543
38557
38561
38563
38571
38571
38581
38595
38597
38625
38629
38647
38675
38703
38707
38715
38719
38725
38737
38739
38747
38751
38763
38793
38795
38805
38811
38813
38821
38825
38827
38827
38841
38849
38853
38871
38877
38887
38891
38895
38897
38903
38911
38919
38927
38933
38935
38937
38945
38947
38963
38971
38979
38981
38981
38983
38995
39023
39025
39045
39063
39067
39075
39079
39103
39105
39105
39111
39115
39117
39135
39139
39141
39165
39175
39179
39187
39203
39203
39213
39213
39223
39237
39247
39259
39263
39269
39271
39291
39295
39299
39309
39319
39319
39325
39325
39329
39337
39341
39341
39355
39359
39359
39365
39367
39371
39377
39381
39385
39391
39391
39391
39393
39423
39429
39429
39437
39437
39449
39449
39457
39471
39473
39475
39497
39501
39503
39505
39523
39529
39539
39541
39543
39547
39559
39565
39571
39571
39575
39581
39585
39587
39593
39603
39603
39603
39617
39621
39625
39629
39629
39631
39643
39685
39703
39709
39709
39711
39723
39729
39733
39755
39765
39771
39783
39791
39795
39797
39801
39809
39823
39825
39829
39835
39839
39847
39847
39853
39865
39895
39897
39899
39903
39905
39909
39917
39929
39939
39947
39949
39951
39953
39957
39959
39963
39965
39969
39969
39979
39983
39995
40007
40025
40033
40049
40055
40063
40075
40081
40087
40101
40101
40107
40111
40123
40131
40133
40135
40141
40145
40145
40147
40157
40167
40167
40169
40169
40187
40203
40213
40227
40245
40247
40249
40257
40261
40265
40269
40271
40271
40273
40285
40299
40319
40339
40339
40341
40341
40347
40351
40357
40367
40367
40367
40367
40379
40379
40387
40389
40399
40431
40433
40435
40445
40457
40459
40473
40475
40477
40507
40519
40519
40535
40535
40537
40545
40549
40557
40559
40561
40569
40579
40595
40615
40617
40623
40623
40631
40641
40647
40653
40657
40657
40667
40667
40671
40675
40681
40685
40707
40711
40713
40727
40733
40747
40747
40763
40763
40767
40773
40783
40785
40789
40807
40831
40831
40833
40833
40833
40837
40841
40843
40849
40853
40865
40867
40897
40897
40899
40901
40909
40927
40945
40949
40949
40953
40953
40963
40965
40971
40977
40979
40987
41005
41019
41029
41047
41047
41053
41057
41063
41075
41075
41077
41081
41085
41095
41105
41113
41113
41123
41141
41153
41155
41155
41161
41161
41167
41189
41191
41201
41203
41217
41219
41219
41231
41241
41241
41253
41267
41281
41283
41287
41287
41287
41291
41297
41297
41299
41305
41309
41327
41329
41333
41333
41333
41333
41335
41343
41351
41373
41391
41401
41407
41421
41421
41437
41445
41455
41455
41463
41471
41473
41473
41483
41495
41521
41539
41541
41557
41563
41567
41569
41571
41597
41599
41599
41599
41601
41603
41607
41611
41615
41651
41659
41661
41669
41677
41681
41685
41703
41703
41711
41755
41755
41777
41779
41787
41799
41801
41807
41825
41827
41841
41841
41879
41887
41889
41891
41899
41911
41935
41935
41937
41945
41959
41975
41979
41981
41995
42003
42005
42007
42011
42013
42023
42031
42033
42051
42051
42053
42055
42057
42057
42067
42067
42095
42095
42103
42105
42109
42121
42141
42145
42149
42157
42161
42161
42161
42165
42165
42167
42171
42173
42181
42197
42197
42197
42201
42201
42217
42219
42219
42223
42227
42227
42239
42239
42259
42265
42271
42273
42277
42287
42307
42309
42313
42315
42329
42337
42349
42369
42369
42377
42393
42395
42439
42443
42443
42457
42457
42457
42459
42459
42469
42477
42489
42513
42521
42527
42531
42535
42535
42543
42553
42569
42573
42585
42587
42587
42591
42597
42601
42603
42605
42627
42627
42637
42643
42647
42675
42683
42691
42693
42701
42703
42717
42717
42727
42729
42749
42753
42765
42777
42779
42793
42819
42823
42823
42827
42833
42833
42839
42839
42849
42851
42861
42861
42867
42867
42879
42895
42897
42915
42915
42919
42925
42931
42931
42949
42953
42953
42957
42959
42959
42959
42961
42973
42975
42987
42995
43003
43011
43023
43035
43037
43041
43057
43063
43071
43077
43087
43091
43095
43095
43097
43111
43123
43125
43129
43135
43151
43153
43155
43157
43161
43181
43191
43199
43209
43229
43235
43235
43245
43249
43261
43265
43269
43283
43299
43307
43317
43319
43331
43343
43367
43371
43383
43387
43389
43405
43411
43413
43421
43427
43435
43437
43449
43449
43453
43453
43455
43471
43471
43477
43507
43509
43519
43525
43527
43533
43537
43557
43563
43575
43577
43587
43589
43595
43611
43635
43647
43679
43681
43683
43691
43693
43713
43717
43721
43725
43735
43743
43747
43751
43761
43763
43763
43769
43771
43785
43789
43791
43803
43813
43815
43819
43823
43841
43853
43861
43871
43891
43891
43897
43909
43921
43925
43927
43937
43941
43949
43959
43959
43961
43965
43969
43969
43975
43983
44005
44011
44025
44031
44031
44031
44037
44049
44067
44075
44089
44091
44101
44105
44113
44141
44173
44181
44209
44211
44213
44259
44267
44267
44279
44285
44297
44303
44319
44323
44325
44333
44335
44335
44343
44349
44357
44373
44375
44381
44389
44391
44391
44395
44395
44399
44423
44429
44433
44451
44459
44467
44467
44475
44483
44499
44511
44541
44553
44557
44559
44569
44581
44581
44589
44593
44597
44603
44615
44625
44627
44633
44645
44669
44673
44673
44677
44685
44691
44697
44707
44711
44723
44727
44743
44773
44799
44811
44819
44823
44827
44829
44843
44849
44851
44853
44857
44863
44887
44887
44889
44933
44943
44965
44967
44977
44981
44985
44985
44989
44993
45003
45019
45023
45025
45029
45051
45061
45065
45079
45099
45099
45101
45133
45135
45141
45149
45157
45173
45181
45187
45187
45187
45195
45199
45205
45209
45239
45239
45241
45245
45261
45265
45277
45277
45281
45285
45293
45297
45317
45319
45325
45327
45335
45337
45351
45351
45357
45377
45403
45409
45417
45421
45431
45433
45433
45441
45451
45459
45481
45483
45499
45501
45517
45525
45539
45555
45589
45591
45591
45597
45627
45631
45633
45647
45657
45661
45665
45665
45675
45679
45689
45697
45701
45701
45703
45717
45721
45723
45735
45739
45771
45771
45777
45785
45787
45795
45805
45817
45821
45825
45825
45827
45835
45851
45859
45903
45911
45915
45945
45945
45949
45949
45977
45981
45999
46001
46031
46033
46035
46049
46071
46083
46087
46117
46123
46123
46123
46143
46145
46147
46153
46165
46171
46177
46185
46203
46211
46211
46225
46231
46233
46235
46289
46293
46295
46305
46305
46309
46311
46317
46325
46331
46337
46351
46359
46367
46373
46377
46385
46389
46391
46393
46399
46403
46405
46415
46419
46421
46425
46427
46433
46449
46463
46469
46479
46487
46491
46491
46497
46503
46513
46517
46525
46527
46535
46543
46555
46555
46559
46563
46567
46579
46581
46581
46585
46593
46597
46611
46637
46645
46653
46655
46665
46671
46681
46685
46711
46731
46741
46755
46761
46775
46777
46781
46783
46785
46793
46799
46801
46815
46819
46825
46851
46879
46891
46897
46909
46911
46917
46923
46963
46967
46973
46975
46977
46985
46991
47003
47009
47023
47051
47059
47065
47067
47071
47085
47105
47113
47133
47139
47145
47155
47173
47177
47179
47185
47185
47245
47247
47249
47255
47271
47279
47293
47301
47311
47313
47323
47337
47339
47347
47351
47363
47367
47369
47385
47389
47399
47401
47411
47427
47429
47435
47437
47449
47451
47459
47485
47487
47507
47509
47509
47515
47515
47525
47547
47549
47551
47551
47559
47583
47583
47611
47623
47635
47643
47653
47653
47663
47667
47675
47677
47681
47689
47695
47697
47699
47701
47703
47711
47713
47719
47731
47731
47739
47747
47753
47777
47787
47803
47835
47845
47861
47863
47869
47873
47883
47883
47893
47895
47907
47909
47911
47921
47923
47933
47935
47943
47955
47957
47973
47975
47975
47977
47981
47981
47985
47987
47989
48015
48015
48017
48027
48029
48033
48039
48043
48047
48047
48057
48057
48067
48075
48083
48083
48101
48105
48113
48123
48123
48131
48139
48145
48151
48163
48165
48167
48167
48169
48175
48181
48199
48211
48229
48231
48235
48237
48241
48245
48249
48251
48259
48293
48295
48299
48311
48321
48323
48337
48339
48339
48343
48353
48359
48365
48383
48385
48391
48393
48393
48399
48417
48419
48429
48433
48443
48447
48455
48459
48461
48465
48469
48475
48483
48487
48491
48495
48509
48517
48543
48545
48545
48555
48575
48581
48581
48593
48601
48615
48617
48625
48629
48641
48653
48673
48693
48697
48701
48703
48707
48707
48711
48731
48741
48741
48745
48761
48765
48775
48775
48779
48781
48781
48787
48787
48791
48799
48799
48803
48807
48809
48811
48815
48817
48835
48841
48847
48859
48871
48879
48883
48901
48911
48919
48929
48929
48945
48947
48949
48949
48955
48969
48969
48971
48975
48977
48999
49025
49029
49031
49041
49043
49049
49053
49075
49081
49083
49093
49095
49111
49115
49121
49131
49131
49135
49145
49177
49183
49185
49187
49187
49193
49195
49199
49209
49225
49233
49237
49237
49241
49241
49253
49275
49277
49285
49287
49297
49305
49337
49343
49353
49369
49377
49393
49393
49393
49403
49411
49411
49421
49445
49455
49459
49473
49481
49487
49491
49501
49533
49535
49539
49547
49547
49549
49557
49559
49583
49593
49597
49601
49617
49631
49633
49657
49657
49657
49657
49667
49669
49675
49675
49689
49695
49697
49707
49711
49731
49741
49797
49803
49835
49839
49839
49851
49875
49885
49893
49897
49899
49911
49913
49913
49917
49919
49923
49925
49937
49941
49945
49957
49959
49959
49963
49973
49975
49977
49977
49985
49997
49999
50011
50023
50025
50027
50041
50047
50055
50065
50085
50087
50101
50105
50117
50123
50131
50145
50157
50159
50175
50179
50189
50191
50209
50215
50223
50257
50257
50257
50269
50271
50283
50299
50325
50325
50335
50335
50369
50377
50381
50383
50383
50395
50399
50401
50411
50431
50439
50461
50467
50473
50499
50507
50509
50529
50529
50539
50539
50539
50567
50573
50581
50587
50593
50605
50609
50613
50623
50627
50629
50631
50633
50633
50633
50637
50637
50643
50657
50659
50663
50667
50685
50687
50691
50695
50705
50717
50717
50735
50739
50771
50773
50775
50783
50783
50791
50805
50807
50823
50825
50825
50839
50845
50847
50857
50859
50869
50873
50885
50899
50905
50905
50911
50913
50931
50945
50953
50969
51005
51017
51033
51037
51039
51049
51059
51061
51065
51085
51095
51095
51095
51095
51121
51123
51123
51127
51131
51133
51147
51151
51169
51175
51179
51179
51189
51197
51199
51207
51211
51213
51217
51221
51231
51233
51239
51241
51249
51255
51259
51263
51263
51267
51273
51291
51313
51313
51335
51337
51347
51349
51357
51359
51359
51361
51373
51381
51395
51411
51411
51413
51419
51421
51427
51443
51445
51453
51469
51479
51479
51501
51513
51519
51521
51521
51541
51549
51553
51567
51571
51581
51581
51583
51583
51615
51617
51625
51625
51627
51633
51645
51649
51649
51657
51657
51669
51673
51673
51673
51677
51683
51693
51703
51705
51717
51735
51749
51761
51787
51793
51795
51797
51807
51835
51847
51849
51857
51873
51903
51913
51921
51935
51941
51949
51963
51977
51981
51993
52019
52035
52037
52041
52043
52047
52063
52063
52065
52069
52081
52097
52105
52107
52107
52117
52119
52127
52135
52137
52145
52149
52199
52199
52199
52203
52207
52215
52225
52227
52229
52231
52239
52245
52249
52253
52253
52259
52267
52269
52283
52283
52305
52307
52309
52321
52325
52347
52353
52355
52365
52389
52395
52399
52401
52403
52407
52413
52445
52445
52449
52453
52463
52497
52501
52507
52511
52521
52521
52521
52529
52537
52543
52563
52583
52585
52599
52605
52607
52617
52625
52641
52643
52667
52687
52693
52701
52717
52719
52725
52727
52727
52729
52771
52771
52773
52785
52787
52789
52791
52825
52837
52839
52847
52849
52851
52857
52859
52859
52863
52869
52879
52879
52887
52889
52919
52927
52935
52937
52955
52969
52977
52979
52979
53001
53009
53019
53035
53037
53051
53057
53069
53079
53085
53099
53111
53131
53139
53147
53153
53157
53169
53175
53177
53211
53221
53221
53223
53231
53247
53249
53261
53265
53265
53267
53269
53275
53283
53291
53307
53317
53317
53329
53335
53347
53359
53371
53401
53403
53411
53441
53443
53455
53475
53481
53485
53493
53509
53517
53517
53555
53563
53563
53563
53569
53575
53581
53585
53585
53587
53597
53607
53609
53613
53613
53615
53619
53623
53629
53629
53633
53639
53643
53649
53661
53671
53683
53683
53687
53695
53701
53715
53719
53725
53731
53733
53735
53739
53745
53749
53761
53773
53781
53793
53795
53795
53801
53811
53819
53827
53829
53839
53839
53843
53849
53851
53855
53857
53887
53893
53893
53895
53897
53899
53917
53925
53933
53939
53959
53959
53961
53965
53969
53969
53989
53999
54011
54013
54015
54017
54055
54065
54075
54075
54077
54077
54087
54091
54097
54107
54129
54131
54131
54135
54147
54155
54159
54161
54171
54171
54171
54177
54179
54183
54197
54197
54219
54219
54221
54233
54239
54247
54249
54249
54275
54299
54303
54305
54315
54323
54331
54337
54343
54365
54379
54391
54393
54401
54425
54433
54439
54445
54449
54451
54503
54505
54509
54513
54523
54527
54529
54545
54547
54555
54567
54571
54589
54593
54593
54595
54605
54623
54637
54643
54655
54661
54677
54697
54701
54705
54717
54725
54733
54737
54741
54743
54745
54753
54769
54787
54791
54791
54793
54803
54831
54833
54845
54855
54865
54865
54875
54881
54883
54885
54887
54889
54891
54893
54893
54901
54903
54931
54957
54959
54959
54979
55001
55005
55009
55011
55013
55025
55037
55047
55059
55061
55063
55065
55073
55083
55101
55107
55119
55121
55153
55155
55155
55155
55157
55159
55161
55175
55175
55175
55181
55187
55189
55191
55193
55205
55213
55215
55219
55221
55223
55233
55235
55243
55249
55251
55253
55265
55267
55289
55299
55299
55299
55303
55313
55321
55327
55333
55333
55335
55339
55343
55363
55369
55379
55385
55401
55407
55411
55423
55429
55439
55453
55465
55469
55481
55487
55491
55507
55507
55509
55513
55519
55521
55539
55541
55565
55583
55585
55591
55599
55599
55609
55619
55627
55637
55649
55651
55661
55663
55669
55675
55683
55685
55687
55689
55741
55747
55753
55759
55785
55785
55785
55793
55803
55819
55837
55837
55873
55873
55877
55889
55907
55913
55929
55935
55945
55965
55965
55977
55993
55999
56019
56031
56039
56043
56045
56047
56053
56055
56059
56083
56085
56089
56095
56097
56099
56101
56103
56105
56107
56109
56133
56141
56149
56149
56149
56149
56165
56165
56169
56183
56189
56199
56199
56205
56205
56207
56225
56237
56239
56257
56261
56269
56269
56271
56275
56291
56297
56299
56325
56329
56333
56337
56361
56365
56395
56417
56423
56427
56427
56443
56443
56447
56447
56447
56449
56461
56467
56471
56475
56481
56491
56493
56503
56505
56507
56511
56525
56525
56529
56529
56549
56551
56555
56573
56573
56575
56579
56581
56581
56591
56593
56595
56595
56599
56603
56609
56627
56631
56631
56635
56637
56637
56643
56647
56651
56687
56687
56697
56701
56701
56713
56729
56733
56737
56765
56783
56785
56785
56787
56793
56801
56805
56813
56821
56823
56845
56847
56857
56865
56867
56881
56883
56885
56917
56927
56929
56931
56939
56941
56953
56973
56975
56977
56979
56997
56999
57007
57009
57011
57021
57041
57045
57045
57055
57065
57065
57073
57075
57081
57083
57129
57139
57141
57155
57161
57167
57167
57185
57185
57185
57193
57199
57199
57207
57207
57215
57217
57223
57229
57235
57243
57243
57245
57255
57261
57267
57277
57279
57283
57285
57293
57299
57301
57305
57311
57329
57329
57333
57345
57361
57363
57371
57379
57385
57407
57407
57407
57409
57421
57425
57435
57435
57463
57467
57471
57491
57491
57495
57505
57505
57523
57523
57531
57537
57547
57563
57565
57573
57583
57583
57587
57597
57603
57609
57631
57637
57639
57645
57651
57655
57669
57677
57683
57699
57709
57713
57725
57739
57741
57757
57777
57777
57785
57801
57803
57817
57885
57891
57895
57913
57921
57925
57927
57931
57931
57939
57941
57957
57963
57967
57991
58003
58015
58023
58023
58037
58045
58047
58059
58067
58091
58105
58107
58119
58131
58143
58147
58149
58163
58165
58175
58183
58205
58211
58231
58253
58261
58261
58265
58283
58291
58293
58303
58305
58307
58313
58337
58341
58343
58347
58349
58349
58365
58387
58401
58409
58427
58427
58437
58443
58443
58459
58471
58471
58471
58473
58481
58495
58499
58501
58507
58513
58521
58529
58543
58543
58553
58569
58571
58577
58585
58585
58599
58603
58619
58619
58627
58627
58629
58663
58669
58669
58675
58687
58697
58701
58705
58711
58713
58717
58723
58723
58737
58745
58767
58769
58795
58801
58829
58843
58843
58853
58855
58859
58889
58891
58895
58897
58917
58931
58945
58957
58965
58967
58973
58985
58989
59007
59021
59023
59031
59043
59055
59083
59085
59103
59109
59113
59113
59113
59113
59115
59121
59123
59125
59131
59139
59155
59183
59217
59227
59229
59233
59235
59235
59243
59287
59295
59297
59311
59313
59315
59317
59333
59337
59339
59349
59353
59363
59363
59373
59377
59393
59401
59407
59409
59421
59429
59439
59453
59457
59463
59467
59469
59481
59487
59489
59499
59513
59517
59523
59527
59535
59537
59537
59555
59577
59579
59581
59591
59625
59631
59663
59663
59665
59667
59693
59699
59709
59711
59711
59715
59719
59727
59733
59739
59739
59747
59753
59755
59763
59783
59795
59803
59811
59815
59819
59821
59831
59833
59853
59859
59871
59877
59885
59885
59895
59909
59913
59917
59919
59925
59945
59951
59955
59959
59963
59973
59987
59993
60001
60007
60025
60029
60041
60057
60065
60075
60077
60083
60083
60097
60099
60115
60119
60125
60133
60153
60159
60161
60161
60161
60187
60193
60197
60203
60203
60205
60207
60209
60213
60213
60219
60229
60237
60237
60239
60241
60243
60255
60259
60265
60269
60275
60289
60291
60299
60321
60337
60337
60339
60349
60351
60361
60361
60371
60377
60379
60383
60391
60391
60419
60423
60425
60439
60443
60455
60455
60463
60463
60477
60483
60485
60491
60519
60521
60531
60537
60541
60541
60541
60543
60567
60571
60599
60601
60603
60603
60607
60617
60619
60637
60641
60647
60667
60671
60673
60675
60677
60679
60691
60701
60739
60765
60767
60777
60779
60787
60795
60813
60825
60845
60849
60865
60865
60865
60871
60879
60889
60933
60941
60941
60945
60951
60959
60975
60995
60997
60999
61005
61007
61019
61021
61023
61037
61039
61045
61047
61049
61051
61055
61057
61077
61085
61097
61109
61113
61113
61125
61131
61137
61143
61147
61149
61161
61163
61165
61167
61179
61183
61229
61247
61249
61261
61267
61287
61297
61309
61329
61331
61345
61349
61365
61387
61391
61407
61417
61425
61427
61429
61443
61463
61465
61473
61485
61489
61519
61543
61549
61551
61567
61573
61575
61585
61585
61589
61613
61615
61617
61623
61629
61633
61651
61667
61667
61673
61673
61675
61675
61677
61687
61691
61713
61717
61725
61735
61741
61747
61751
61753
61755
61767
61767
61769
61769
61771
61801
61811
61813
61821
61833
61843
61859
61859
61863
61865
61871
61871
61887
61893
61895
61903
61907
61909
61919
61921
61943
61943
61947
61949
61949
61955
61995
61999
62001
62003
62007
62009
62017
62031
62041
62045
62065
62067
62069
62073
62083
62113
62121
62127
62131
62131
62133
62137
62143
62155
62177
62179
62197
62197
62199
62203
62205
62207
62215
62223
62223
62231
62243
62245
62279
62285
62297
62299
62303
62311
62311
62319
62327
62331
62345
62347
62351
62361
62369
62371
62393
62395
62405
62407
62421
62431
62439
62453
62461
62477
62481
62489
62491
62497
62501
62513
62517
62521
62525
62539
62541
62549
62549
62553
62567
62573
62605
62621
62621
62623
62627
62629
62633
62643
62645
62659
62679
62695
62697
62699
62703
62715
62723
62731
62743
62743
62753
62791
62827
62835
62835
62837
62853
62853
62883
62887
62895
62901
62907
62923
62923
62927
62935
62953
62957
62961
62981
62987
62991
62993
62995
62999
63005
63009
63011
63013
63041
63045
63063
63079
63079
63081
63087
63089
63095
63101
63105
63113
63123
63131
63155
63159
63169
63171
63175
63177
63183
63187
63195
63195
63195
63197
63199
63203
63241
63241
63245
63247
63247
63253
63255
63259
63267
63271
63283
63283
63295
63309
63311
63315
63331
63331
63337
63347
63353
63369
63375
63377
63381
63399
63417
63435
63439
63441
63447
63449
63473
63483
63489
63489
63497
63501
63509
63509
63517
63525
63537
63565
63567
63571
63577
63589
63593
63611
63615
63621
63625
63637
63651
63653
63667
63687
63689
63703
63729
63741
63769
63793
63803
63815
63815
63823
63827
63837
63841
63841
63847
63857
63861
63869
63895
63917
63963
63965
63975
63977
63987
63997
63999
64001
64029
64037
64039
64041
64059
64073
64093
64093
64097
64097
64101
64101
64103
64107
64115
64117
64121
64143
64145
64149
64151
64161
64161
64183
64189
64195
64201
64213
64227
64239
64245
64251
64257
64267
64269
64277
64287
64291
64291
64291
64303
64305
64337
64339
64341
64343
64349
64349
64353
64355
64359
64359
64365
64365
64379
64381
64391
64393
64401
64407
64419
64419
64425
64449
64453
64471
64481
64505
64505
64511
64515
64523
64537
64541
64541
64543
64543
64591
64595
64603
64605
64627
64631
64655
64663
64701
64707
64713
64717
64723
64729
64743
64745
64779
64779
64783
64809
64811
64815
64851
64851
64879
64889
64937
64939
64943
64943
64953
64965
64971
64975
64975
64977
64981
64997
64999
65003
65007
65011
65013
65021
65029
65029
65035
65043
65049
65051
65057
65057
65061
65075
65089
65089
65115
65141
65163
65169
65177
65179
65183
65185
65199
65209
65213
65213
65215
65219
65223
65225
65237
65243
65243
65255
65257
65259
65259
65275
65295
65303
65305
65311
65315
65319
65323
65325
65325
65333
65337
65341
65343
65353
65355
65355
65357
65359
65367
65369
65371
65373
65385
65385
65403
65405
65405
65405
65407
65411
65415
65415
65431
65437
65439
65453
65459
65471
65473
65475
65491
65513
65515
65519
65519
65529
65531
