82
106
246
280
284
306
386
470
576
584
934
962
982
1556
1800
1824
2036
2300
2528
2832
3086
3174
3310
3526
3664
3684
3738
3848
3852
3998
4164
4250
4308
4322
4336
4612
4736
4842
5020
5200
5250
5250
5268
5336
5390
5600
5990
6070
6186
6204
6390
6594
6860
6868
6974
7096
7114
7204
7250
7456
7474
7506
7576
7804
8062
8082
8198
8288
8338
8626
8626
8828
8948
9192
9278
9328
9334
9356
9468
9490
9514
9604
9654
9666
9772
9932
10004
10042
10060
10150
10194
10218
10498
10872
10894
11070
11074
11258
11398
11410
11572
11658
11688
12076
12382
12404
12448
12540
12668
12718
12822
12844
12966
13234
13236
13458
13736
13800
13804
14258
14328
14570
14752
14782
14882
14896
14974
15036
15232
15254
15422
15764
15800
15916
16232
16354
16520
16562
16626
16720
16960
16984
17446
17818
17884
18020
18080
18322
18628
18748
19006
19024
19028
19152
19482
19516
19578
19664
19788
19810
19860
19922
20042
20390
20404
20570
20582
20644
20766
20932
21110
21170
21424
21616
22016
22040
22046
22346
22646
22674
22956
23022
23076
23402
23666
23680
23884
24086
24088
24104
24526
24574
24584
24632
24764
24846
24910
25058
25100
25246
25718
25898
26060
26062
26122
26128
26372
26522
26580
26802
26916
27388
27862
27932
27954
27970
28036
28362
28540
28618
28620
28686
28948
29208
29376
29542
29596
29786
29890
29924
29978
30012
30282
30510
30562
30700
30914
31146
31148
31448
31780
32210
32236
32278
32404
32558
32564
32827
32847
33025
33039
33083
33099
33375
33655
33883
33889
34071
34173
34379
34385
34445
34507
34743
34821
34843
34875
34903
35011
35347
35547
35615
35723
35917
36015
36121
36175
36229
36255
36381
36935
37077
37177
37273
37303
37433
37513
37525
37575
37751
37793
37871
38145
38313
38339
38375
38529
39117
39179
39259
39337
39423
39437
39593
39631
39733
39791
39825
39909
39953
40049
40075
40107
40111
40285
40319
40445
40631
40653
40657
40833
40901
40945
40971
41075
41161
41201
41299
41343
41597
41891
42007
42239
42307
42851
43041
43077
43097
43249
43319
43389
43437
43449
43453
43763
44381
44711
44773
44827
44933
44967
45099
45187
45293
45297
45317
45409
45451
45517
45597
45627
45777
45859
46305
46391
46393
46399
46563
47245
47293
47311
47515
47611
47623
47689
47703
47973
48043
48169
48359
48365
48443
48545
48701
48711
48741
48745
48779
48787
48929
48969
48977
49193
49253
49297
49535
49893
50401
50847
50969
51095
51095
51255
51335
51443
51469
51521
51649
51749
51993
52309
52585
52599
52605
52617
52725
52837
52879
52955
53001
53153
53555
53739
53849
53925
54177
54315
54697
54701
54865
54893
55013
55059
55187
55191
55249
55289
55507
55513
55785
55877
55965
56019
56039
56045
56141
56291
56507
56573
56595
56643
56867
56929
56953
57041
57235
57385
57407
57491
58023
58337
58341
58427
58629
58669
58717
59021
59131
59155
59315
59317
59739
59945
60213
60291
60383
60455
60607
60667
61047
61055
61543
61667
61673
61865
61949
62007
62121
62203
62215
62231
62371
62573
62633
62645
62659
62853
63113
63347
63857
63997
64341
64419
64541
64783
64879
65051
65183
65219
65325
65405
65515
