42
56
56
82
106
116
146
246
280
284
288
296
306
318
340
378
386
458
470
472
482
496
576
584
600
606
636
660
670
674
812
934
948
950
962
982
990
1006
1080
1084
1216
1220
1316
1362
1380
1404
1414
1484
1496
1500
1508
1556
1576
1584
1748
1750
1798
1800
1810
1822
1824
1886
1916
2018
2024
2024
2034
2036
2104
2108
2142
2262
2292
2300
2362
2400
2528
2556
2564
2662
2676
2680
2710
2728
2762
2772
2832
2908
2914
3030
3056
3078
3086
3100
3120
3174
3176
3188
3216
3230
3240
3252
3252
3274
3286
3300
3310
3310
3340
3358
3446
3470
3504
3516
3526
3538
3548
3664
3672
3680
3684
3738
3762
3770
3816
3816
3848
3852
3882
3908
3986
3998
4022
4056
4164
4176
4176
4190
4222
4224
4250
4288
4308
4322
4336
4374
4412
4440
4446
4474
4516
4606
4612
4648
4654
4660
4726
4736
4752
4842
4890
4962
4966
5010
5020
5026
5058
5178
5196
5198
5200
5214
5218
5246
5250
5250
5268
5322
5336
5338
5340
5356
5390
5398
5482
5484
5570
5600
5724
5730
5886
5926
5942
5990
5990
6070
6078
6130
6186
6186
6204
6268
6338
6362
6390
6442
6502
6528
6552
6594
6618
6666
6670
6680
6686
6718
6786
6792
6860
6868
6894
6898
6910
6974
6994
7006
7034
7046
7054
7090
7096
7114
7122
7130
7160
7168
7204
7250
7304
7312
7352
7368
7456
7474
7506
7576
7610
7644
7658
7662
7710
7756
7804
7850
7918
7928
7978
8030
8062
8082
8142
8168
8168
8196
8198
8282
8288
8338
8364
8372
8426
8574
8626
8626
8638
8648
8720
8762
8828
8830
8898
8920
8944
8948
9072
9130
9150
9192
9222
9246
9278
9328
9334
9350
9356
9360
9362
9372
9386
9386
9468
9490
9494
9514
9538
9604
9612
9654
9666
9720
9744
9764
9772
9838
9880
9888
9908
9932
9950
9956
9974
10000
10004
10012
10042
10042
10060
10098
10110
10142
10150
10194
10216
10218
10262
10354
10408
10498
10606
10680
10804
10872
10894
10908
11070
11074
11076
11090
11112
11130
11130
11178
11202
11204
11204
11258
11302
11302
11324
11372
11398
11410
11412
11432
11450
11500
11528
11572
11658
11682
11688
11748
11824
11876
11890
11934
11946
11988
11994
12042
12076
12128
12144
12154
12170
12298
12344
12382
12386
12404
12448
12468
12498
12540
12574
12642
12668
12718
12730
12820
12822
12844
12878
12900
12934
12946
12954
12954
12958
12966
12972
12986
13022
13076
13080
13080
13082
13118
13164
13204
13216
13234
13236
13304
13308
13396
13408
13410
13410
13458
13468
13496
13532
13626
13632
13736
13800
13804
13844
13846
13924
13944
13990
14076
14084
14150
14170
14256
14258
14304
14328
14344
14370
14400
14416
14426
14458
14462
14480
14524
14534
14556
14570
14592
14656
14710
14744
14750
14752
14782
14882
14896
14924
14958
14974
14982
14984
15028
15032
15036
15068
15144
15170
15172
15182
15208
15210
15232
15238
15254
15272
15358
15422
15440
15442
15454
15480
15536
15566
15630
15666
15728
15764
15800
15810
15852
15898
15900
15916
15916
16046
16110
16150
16212
16232
16292
16306
16332
16354
16368
16388
16426
16434
16494
16512
16520
16562
16626
16720
16720
16730
16760
16774
16788
16810
16838
16960
16966
16972
16984
17038
17052
17092
17102
17126
17220
17232
17276
17340
17362
17366
17428
17446
17476
17504
17506
17518
17524
17558
17610
17646
17652
17676
17700
17760
17792
17818
17844
17850
17856
17864
17884
17952
18020
18020
18080
18116
18144
18182
18270
18304
18312
18322
18332
18336
18396
18440
18464
18496
18504
18506
18514
18522
18554
18626
18628
18636
18640
18714
18748
18928
18974
18974
18992
19002
19006
19016
19024
19028
19030
19046
19070
19122
19134
19146
19152
19202
19292
19316
19352
19428
19482
19516
19524
19562
19578
19578
19630
19664
19706
19720
19752
19788
19810
19832
19860
19922
19922
19940
19962
19980
20008
20016
20042
20080
20134
20150
20160
20224
20232
20336
20352
20356
20390
20404
20416
20536
20570
20582
20586
20644
20706
20760
20766
20792
20844
20880
20932
21016
21096
21110
21146
21170
21270
21294
21394
21424
21506
21522
21594
21616
21722
21732
21786
21808
21820
21876
21880
21972
21974
22002
22016
22040
22046
22054
22112
22116
22128
22144
22150
22248
22318
22346
22382
22384
22384
22394
22448
22486
22494
22516
22586
22646
22666
22674
22684
22734
22738
22752
22816
22840
22844
22910
22924
22954
22956
23022
23042
23076
23170
23198
23200
23270
23286
23294
23324
23344
23402
23518
23554
23568
23570
23614
23666
23674
23680
23748
23806
23884
23938
24044
24084
24086
24088
24104
24106
24148
24148
24152
24158
24194
24210
24316
24328
24362
24386
24488
24498
24518
24526
24536
24574
24580
24584
24632
24634
24764
24784
24786
24840
24846
24866
24910
24910
24962
25006
25016
25058
25098
25100
25140
25156
25222
25246
25274
25308
25346
25354
25434
25444
25446
25468
25500
25518
25520
25636
25670
25686
25718
25780
25792
25848
25862
25866
25870
25876
25882
25898
25986
25996
26014
26044
26060
26062
26074
26122
26128
26186
26284
26322
26338
26372
26420
26464
26468
26522
26524
26578
26580
26580
26660
26674
26714
26784
26802
26856
26888
26904
26916
26952
26974
26978
26980
27018
27050
27098
27118
27156
27158
27168
27194
27216
27296
27306
27388
27424
27426
27432
27444
27652
27658
27702
27730
27754
27764
27862
27932
27942
27954
27970
27970
28014
28016
28030
28036
28280
28292
28322
28362
28392
28394
28398
28436
28512
28540
28590
28618
28620
28666
28686
28728
28738
28774
28826
28846
28920
28948
28970
28972
29014
29200
29208
29212
29250
29258
29280
29376
29394
29400
29416
29442
29446
29472
29542
29552
29576
29580
29596
29602
29688
29734
29736
29774
29786
29804
29804
29848
29864
29890
29910
29924
29978
30010
30012
30044
30150
30168
30234
30282
30290
30294
30370
30398
30410
30510
30524
30528
30558
30562
30700
30740
30862
30914
30920
30938
30990
30996
31058
31130
31146
31148
31178
31230
31258
31330
31354
31356
31448
31496
31518
31580
31582
31626
31628
31642
31668
31738
31742
31762
31780
31888
31894
31938
31974
31986
32072
32148
32160
32170
32194
32200
32210
32236
32278
32284
32404
32430
32432
32450
32558
32564
32606
32672
32674
32686
32734
32797
32827
32847
32879
32893
33025
33039
33083
33099
33131
33169
33181
33191
33253
33269
33283
33343
33367
33375
33395
33483
33655
33657
33717
33757
33787
33851
33883
33889
33897
33911
33925
33945
34013
34071
34081
34173
34191
34207
34221
34249
34337
34379
34385
34413
34445
34447
34507
34565
34593
34743
34797
34821
34843
34843
34865
34875
34903
34931
34939
34965
35011
35075
35093
35099
35157
35209
35225
35283
35301
35319
35347
35385
35427
35427
35547
35561
35615
35651
35655
35665
35683
35723
35729
35741
35805
35813
35827
35845
35891
35917
35929
35937
35965
35969
36015
36071
36121
36175
36221
36229
36231
36255
36265
36273
36333
36381
36461
36477
36481
36543
36567
36637
36661
36675
36705
36747
36785
36795
36869
36887
36911
36935
37007
37059
37077
37081
37169
37177
37197
37221
37269
37273
37287
37303
37303
37323
37325
37357
37393
37401
37407
37433
37513
37525
37525
37573
37575
37611
37611
37639
37647
37693
37729
37751
37765
37793
37871
37917
37931
38017
38039
38075
38145
38181
38191
38195
38211
38271
38313
38339
38375
38399
38529
38563
38629
38707
38715
38739
38751
38793
38811
38827
38853
38871
38895
38979
38981
38995
39115
39117
39139
39179
39259
39337
39355
39381
39391
39423
39437
39475
39543
39559
39581
39587
39593
39603
39621
39625
39631
39703
39709
39711
39733
39765
39771
39791
39795
39825
39847
39853
39865
39899
39909
39929
39953
40049
40075
40081
40107
40111
40145
40157
40167
40271
40273
40285
40319
40339
40351
40367
40387
40431
40445
40519
40535
40557
40579
40631
40653
40657
40711
40727
40831
40833
40837
40849
40853
40897
40901
40945
40949
40965
40971
40979
40987
41057
41075
41113
41161
41189
41201
41203
41217
41231
41253
41281
41299
41305
41327
41333
41343
41351
41421
41421
41437
41567
41597
41599
41615
41651
41703
41711
41777
41799
41827
41891
41937
41945
42007
42031
42051
42057
42095
42157
42161
42161
42197
42227
42239
42265
42273
42307
42377
42393
42443
42443
42573
42587
42627
42637
42647
42727
42777
42823
42833
42851
42861
42915
42919
42975
42995
43041
43077
43087
43091
43097
43125
43155
43157
43235
43249
43261
43269
43319
43389
43437
43449
43449
43453
43527
43563
43575
43589
43763
43785
43791
43891
43897
43925
43927
43949
43959
43983
44025
44031
44037
44089
44209
44213
44285
44343
44381
44429
44451
44467
44553
44559
44581
44593
44673
44711
44723
44727
44773
44819
44827
44857
44863
44933
44967
45003
45051
45065
45099
45099
45157
45187
45187
45239
45281
45293
45297
45317
45327
45337
45403
45409
45451
45483
45501
45517
45597
45627
45661
45697
45701
45735
45771
45777
45825
45827
45851
45859
45911
46031
46147
46293
46305
46309
46331
46367
46373
46391
46393
46399
46433
46449
46487
46491
46491
46543
46563
46637
46671
46685
46785
46801
46879
46891
46963
46975
47105
47113
47177
47179
47245
47293
47301
47311
47385
47389
47435
47459
47509
47515
47551
47559
47611
47623
47653
47663
47681
47689
47695
47701
47703
47713
47739
47873
47883
47911
47943
47955
47973
47981
47985
48043
48057
48067
48083
48101
48163
48169
48229
48259
48311
48359
48365
48399
48417
48443
48455
48459
48461
48475
48491
48545
48615
48653
48701
48707
48711
48731
48741
48745
48779
48781
48787
48817
48847
48859
48911
48929
48945
48949
48949
48969
48969
48977
49025
49031
49041
49111
49135
49193
49209
49253
49297
49353
49421
49445
49501
49533
49535
49547
49549
49557
49559
49583
49617
49711
49731
49803
49875
49893
49897
49923
49925
49941
49997
50023
50087
50117
50145
50175
50257
50325
50369
50401
50411
50499
50529
50539
50539
50627
50691
50695
50783
50823
50847
50905
50945
50969
51017
51085
51095
51095
51095
51123
51211
51217
51241
51255
51259
51335
51357
51361
51395
51411
51443
51469
51519
51521
51541
51567
51649
51649
51657
51749
51797
51857
51903
51981
51993
52037
52043
52063
52097
52105
52117
52127
52227
52245
52259
52307
52309
52347
52445
52507
52529
52537
52563
52585
52599
52605
52607
52617
52725
52727
52837
52847
52857
52863
52869
52879
52887
52927
52955
52977
52979
53001
53009
53035
53069
53153
53157
53261
53267
53307
53335
53359
53475
53481
53555
53613
53619
53633
53643
53671
53683
53715
53739
53781
53819
53849
53893
53897
53899
53925
53939
53959
54015
54017
54065
54131
54135
54161
54177
54219
54249
54305
54315
54343
54393
54401
54433
54677
54697
54701
54717
54737
54745
54769
54831
54865
54865
54893
54931
54979
55013
55059
55063
55155
55187
55189
55191
55213
55223
55249
55289
55299
55327
55333
55363
55453
55507
55507
55513
55627
55661
55741
55785
55837
55873
55877
55935
55965
56019
56039
56045
56055
56141
56149
56165
56225
56237
56271
56291
56299
56325
56329
56365
56447
56505
56507
56511
56549
56573
56579
56593
56595
56631
56631
56637
56643
56647
56701
56793
56847
56867
56885
56917
56929
56941
56953
56973
56979
57007
57021
57041
57045
57065
57141
57167
57229
57235
57267
57301
57305
57329
57333
57361
57371
57379
57385
57407
57409
57425
57491
57523
57537
57583
57603
57739
57777
57925
57957
58023
58045
58067
58165
58175
58211
58261
58283
58303
58305
58337
58341
58349
58349
58401
58427
58443
58507
58529
58543
58577
58585
58585
58603
58619
58629
58663
58669
58675
58701
58705
58717
58723
58843
58853
58891
58895
58917
58973
58985
59021
59083
59113
59121
59131
59155
59229
59235
59243
59287
59315
59317
59409
59467
59469
59527
59581
59625
59631
59711
59719
59739
59747
59783
59803
59833
59859
59909
59913
59945
59951
59993
60007
60065
60077
60161
60187
60213
60219
60229
60291
60361
60377
60379
60383
60391
60425
60443
60455
60477
60543
60601
60607
60667
60845
60941
61047
61049
61055
61113
61137
61297
61349
61387
61391
61429
61543
61549
61615
61629
61667
61673
61677
61755
61801
61821
61865
61943
61949
61949
62003
62007
62041
62113
62121
62127
62137
62203
62215
62223
62223
62231
62327
62345
62371
62393
62405
62453
62481
62489
62553
62573
62621
62623
62633
62645
62659
62679
62697
62703
62723
62837
62853
62901
62923
62987
62995
63063
63081
63113
63123
63155
63183
63203
63255
63295
63347
63509
63517
63525
63567
63621
63625
63637
63815
63841
63847
63857
63869
63895
63963
63965
63997
64059
64121
64151
64337
64341
64359
64365
64393
64419
64419
64453
64515
64541
64713
64745
64783
64809
64879
64997
65051
65057
65089
65169
65177
65183
65209
65215
65219
65223
65275
65325
65343
65357
65371
65405
65415
65437
65453
65491
65513
65515
